0 0
0 0
 -22.035 -62.846
 -21.994 -63.987
 -22.798 -64.377
 -22.076 -64.965
 -21.832 -66.273
 -22.736 -67.107
 -22.873 -67.828
 -21.494 -68.220
 -20.373 -68.757
 -19.405 -68.442
 -18.982 -68.967
 -18.260 -69.100
 -17.580 -69.590
 -16.501 -68.960
 -15.660 -69.390
 -15.324 -69.160
 -14.953 -69.340
 -14.454 -68.949
 -13.603 -68.929
 -12.900 -68.880
 -12.561 -68.665
 -10.952 -69.530
 -11.036 -68.786
 -11.015 -68.271
 -10.712 -68.048
 -10.307 -67.174
 -9.931 -66.647
 -9.762 -65.338
 -10.511 -65.445
 -10.896 -65.322
 -11.566 -65.402
 -12.462 -64.316
 -12.627 -63.197
 -13.001 -62.803
 -13.199 -62.127
 -13.489 -61.713
 -13.479 -61.084
 -13.776 -60.503
 -14.354 -60.459
 -14.646 -60.264
 -15.077 -60.251
 -15.094 -60.543
 -16.258 -60.158
 -16.300 -58.241
 -16.877 -58.388
 -17.272 -58.281
 -17.552 -57.735
 -18.174 -57.498
 -18.962 -57.676
 -19.400 -57.950
 -19.970 -57.854
 -20.177 -58.166
 -19.868 -58.183
 -19.357 -59.115
 -19.343 -60.044
 -19.634 -61.786
 -20.514 -62.266
 -21.052 -62.291
 -22.249 -62.685
 -22.035 -62.846
0 0
 54.803 -130.536
 55.285 -129.980
 55.916 -130.008
 56.552 -131.708
 57.693 -132.730
 58.410 -133.356
 58.861 -134.271
 59.271 -134.945
 59.788 -135.476
 59.464 -136.480
 58.905 -137.452
 59.562 -138.341
 60.000 -139.039
 60.277 -140.013
 60.306 -140.998
 66.000 -140.993
 69.712 -140.986
0 0
 32.535 -117.128
 32.612 -115.991
 32.721 -114.721
 32.525 -114.815
 32.039 -113.305
 31.335 -111.024
 31.340 -109.043
 31.342 -108.242
 31.755 -108.240
 31.755 -106.508
 31.400 -106.143
 31.084 -105.632
 30.644 -105.037
 30.122 -104.706
 29.572 -104.457
 29.270 -103.940
 28.970 -103.110
 29.760 -102.480
 29.779 -101.662
 29.381 -100.958
 28.696 -100.456
 28.110 -100.110
 27.540 -99.520
 26.840 -99.300
 26.370 -99.020
 26.060 -98.240
 25.840 -97.530
 25.870 -97.140
0 0
 13.735 -90.096
 13.882 -90.065
 14.134 -89.722
 14.245 -89.534
 14.363 -89.587
 14.424 -89.353
 14.678 -89.146
 14.874 -89.225
 15.066 -89.155
 15.346 -88.681
 15.728 -88.225
0 0
 14.539 -92.228
 14.830 -92.203
 15.065 -92.087
 15.251 -92.229
 16.067 -91.748
 16.070 -90.464
 16.410 -90.439
 16.471 -90.601
 16.687 -90.712
 16.918 -91.082
 17.252 -91.454
 17.255 -91.002
 17.818 -91.002
 17.819 -90.068
 17.808 -89.143
0 0
 15.887 -88.931
 15.887 -89.229
 17.016 -89.151
 17.808 -89.143
 17.955 -89.151
 18.002 -89.030
 17.883 -88.848
 18.487 -88.490
 18.500 -88.300
0 0
 14.424 -89.353
 14.340 -89.059
 14.141 -88.843
 13.980 -88.541
 13.845 -88.504
 13.965 -88.065
 13.893 -87.860
 13.785 -87.724
 13.384 -87.793
0 0
 12.985 -87.317
 13.026 -87.006
 13.254 -86.881
 13.263 -86.734
 13.755 -86.755
 13.778 -86.521
 13.771 -86.312
 14.038 -86.096
 13.836 -85.801
 13.960 -85.699
 14.079 -85.514
 14.354 -85.165
 14.560 -85.149
 14.552 -85.053
 14.790 -84.924
 14.820 -84.820
 14.667 -84.650
 14.622 -84.449
 14.749 -84.228
 14.749 -83.976
 14.880 -83.629
 15.016 -83.490
 14.996 -83.147
0 0
 8.225 -82.966
 8.424 -82.913
 8.626 -82.830
 8.807 -82.869
 8.926 -82.719
 9.074 -82.927
 9.477 -82.933
 9.566 -82.546
0 0
 10.939 -83.656
 10.727 -83.895
 10.793 -84.190
 10.999 -84.356
 11.083 -84.673
 10.952 -84.903
 11.217 -85.562
 11.088 -85.713
0 0
 8.671 -77.353
 8.524 -77.475
 7.935 -77.243
 7.638 -77.431
 7.710 -77.753
 7.224 -77.882
0 0
 11.776 -71.332
 11.609 -71.974
 11.109 -72.228
 10.822 -72.615
 10.450 -72.905
 9.737 -73.028
 9.152 -73.305
 9.085 -72.789
 8.625 -72.660
 8.405 -72.440
 8.003 -72.361
 7.632 -72.480
 7.424 -72.445
 7.340 -72.198
 6.992 -71.960
 7.088 -70.674
 6.960 -70.093
 6.100 -69.389
 6.207 -68.985
 6.153 -68.265
 6.267 -67.695
 6.095 -67.341
 5.557 -67.522
 5.221 -67.745
 4.504 -67.823
 3.839 -67.622
 3.542 -67.338
 3.318 -67.303
 2.821 -67.810
 2.600 -67.447
 2.251 -67.181
 1.253 -66.876
 1.130 -67.065
 1.720 -67.260
 2.037 -67.538
 1.692 -67.869
 1.715 -69.817
 1.089 -69.805
 0.986 -69.219
 0.603 -69.252
 0.706 -69.452
 0.541 -70.016
 -0.185 -70.021
 -0.550 -69.577
 -1.123 -69.420
 -1.556 -69.444
 -4.298 -69.894
 -3.767 -70.394
 -3.743 -70.693
 -2.725 -70.048
 -2.257 -70.813
 -2.343 -71.414
 -2.170 -71.775
 -2.434 -72.326
 -2.309 -73.070
 -1.260 -73.660
 -1.003 -74.122
 -0.531 -74.442
 -0.057 -75.107
 -0.152 -75.373
 0.085 -75.801
 0.416 -76.292
 0.257 -76.576
 0.396 -77.425
 0.826 -77.669
 0.810 -77.855
 1.381 -78.855
0 0
 -0.152 -75.373
 -0.911 -75.234
 -1.562 -75.545
 -2.609 -76.635
 -3.003 -77.838
 -3.873 -78.451
 -4.548 -78.640
 -4.959 -79.205
 -4.454 -79.625
 -4.346 -80.029
 -4.426 -80.442
 -4.059 -80.469
 -3.821 -80.184
 -3.405 -80.303
0 0
 -10.952 -69.530
 -11.124 -70.094
 -11.009 -70.549
 -9.490 -70.482
 -10.079 -71.302
 -10.054 -72.185
 -9.520 -72.563
 -9.462 -73.227
 -9.033 -73.015
 -8.424 -73.571
 -7.524 -73.987
 -7.341 -73.723
 -6.919 -73.724
 -6.630 -73.120
 -6.089 -73.220
 -5.741 -72.965
 -5.275 -72.892
 -4.594 -71.748
 -4.402 -70.929
 -4.251 -70.795
 -4.298 -69.894
0 0
 -54.897 -66.960
 -54.870 -67.562
 -54.869 -68.633
 -52.636 -68.634
0 0
 -52.299 -68.634
 -52.143 -69.498
 -52.009 -71.915
 -51.426 -72.329
 -50.677 -72.310
 -50.741 -72.976
 -50.379 -73.328
 -49.318 -73.415
 -48.879 -72.648
 -48.244 -72.331
 -47.739 -72.447
 -46.885 -71.917
 -45.561 -71.552
 -44.974 -71.659
 -44.784 -71.223
 -44.408 -71.330
 -44.207 -71.794
 -43.788 -71.464
 -43.409 -71.915
 -42.255 -72.149
 -42.051 -71.747
 -40.832 -71.916
 -39.808 -71.681
 -38.916 -71.414
 -38.553 -70.815
 -37.577 -71.119
 -36.658 -71.122
 -36.005 -70.365
 -35.170 -70.388
 -34.194 -69.817
 -33.274 -69.815
 -33.091 -70.074
 -31.365 -70.535
 -30.336 -69.919
 -29.368 -70.014
 -28.459 -69.656
 -27.521 -69.001
 -26.899 -68.296
 -26.507 -68.595
 -26.185 -68.386
 -24.519 -68.418
 -24.025 -67.328
 -22.986 -66.985
 -22.736 -67.107
0 0
 -33.909 -58.427
 -33.263 -58.350
 -33.041 -58.133
 -32.044 -58.142
 -31.017 -57.875
 -30.216 -57.625
 -30.110 -56.976
 -30.883 -55.973
 -30.854 -55.602
 -31.495 -54.572
 -32.047 -53.788
 -32.728 -53.210
 -33.202 -53.651
 -33.768 -53.374
0 0
 -25.739 -54.625
 -26.622 -54.789
 -27.388 -55.696
 -27.549 -56.487
 -27.396 -57.610
 -27.124 -58.618
 -25.604 -57.634
 -25.162 -57.777
 -24.771 -58.807
 -24.033 -60.029
 -23.881 -60.847
 -22.249 -62.685
0 0
 -19.970 -57.854
 -20.177 -58.166
 -20.733 -57.871
 -22.090 -57.937
 -22.282 -56.882
 -22.086 -56.473
 -22.357 -55.798
 -22.656 -55.611
 -23.572 -55.518
 -23.957 -55.401
 -24.001 -55.028
 -23.840 -54.653
 -24.021 -54.293
 -24.571 -54.293
 -25.162 -54.429
 -25.739 -54.625
 -25.548 -54.130
 -26.125 -53.628
 -26.924 -53.649
 -27.475 -54.491
 -27.882 -55.162
 -28.853 -56.291
 -30.216 -57.625
0 0
 8.367 -59.758
 7.780 -60.551
 7.415 -60.638
 7.044 -60.296
 6.857 -60.544
 6.696 -61.159
 6.234 -61.139
 5.959 -61.410
 5.200 -60.734
 4.918 -60.601
 4.536 -60.967
 4.162 -62.085
 4.007 -62.805
 3.771 -63.093
 4.021 -63.888
 4.148 -64.629
 4.056 -64.816
 3.797 -64.368
 3.127 -64.409
 2.497 -64.270
 2.411 -63.423
 2.201 -63.369
 1.916 -64.083
 1.493 -64.199
 1.329 -64.611
 1.095 -65.355
 0.789 -65.548
 0.724 -66.326
 1.253 -66.876
0 0
 1.900 -56.539
 1.864 -56.783
 1.949 -57.336
 1.683 -57.661
 1.507 -58.113
 1.464 -58.429
 1.268 -58.540
 1.318 -59.031
 1.787 -59.646
 2.250 -59.719
 2.755 -59.975
 3.606 -59.815
 3.959 -59.538
 4.423 -59.767
 4.575 -60.111
 5.014 -59.981
 5.244 -60.214
 5.200 -60.734
0 0
 2.312 -54.525
 2.524 -55.098
 2.422 -55.570
 2.510 -55.973
 2.221 -56.073
 2.022 -55.906
 1.818 -55.996
 1.900 -56.539
0 0
 4.156 -51.658
 3.241 -52.249
 2.505 -52.556
 2.125 -52.940
 2.053 -53.418
 2.335 -53.555
 2.377 -53.779
 2.106 -54.088
 2.312 -54.525
0 0
 5.448 115.451
 4.955 115.406
 4.317 115.347
 4.348 114.870
 4.008 114.660
 4.526 114.204
0 0
 38.741 46.144
 38.874 45.458
 39.336 44.953
 39.713 44.794
 39.740 45.002
 39.472 45.298
 39.474 45.740
 39.320 45.735
 38.741 46.144
0 0
 53.868 -6.198
 54.074 -6.954
 54.060 -7.572
 54.596 -7.366
 55.132 -7.572
0 0
 13.595 -16.714
 13.624 -15.625
 13.860 -15.399
 13.876 -15.082
 13.630 -14.687
 13.626 -14.377
 13.794 -14.047
 13.505 -13.845
 13.281 -14.278
 13.298 -14.712
 13.510 -15.141
 13.279 -15.512
 13.270 -15.691
 13.130 -15.931
 13.151 -16.842
0 0
 32.394 35.546
 31.783 35.545
 31.489 35.398
0 0
 -28.956 28.978
 -29.257 29.325
 -29.744 29.018
 -30.070 28.848
 -30.226 28.291
 -30.546 28.107
 -30.645 27.749
 -29.876 26.999
 -29.243 27.533
 -28.851 28.074
 -28.648 28.542
 -28.956 28.978
0 0
 27.656 -8.666
 27.589 -8.665
 27.396 -8.684
 25.881 -8.687
 25.933 -11.969
 23.375 -11.937
 23.285 -12.874
 22.771 -13.119
 21.327 -12.929
 21.333 -16.845
 21.000 -17.063
0 0
 27.396 -8.684
 24.975 -4.923
 24.957 -6.454
 20.641 -5.971
 16.325 -5.489
 16.202 -5.315
 15.502 -5.538
 15.487 -9.550
 15.264 -9.700
 15.330 -10.087
 15.133 -10.651
 15.411 -11.349
 15.388 -11.666
 14.799 -11.834
 14.617 -12.171
 15.304 -12.831
 16.039 -13.436
 16.304 -14.100
 16.598 -14.577
 16.587 -15.136
 16.369 -15.624
 16.456 -16.121
 16.135 -16.463
0 0
 14.617 -12.171
 13.995 -12.125
 13.422 -11.928
 13.141 -11.553
 12.755 -11.468
 12.443 -11.514
 12.387 -11.658
 12.466 -12.204
 12.354 -12.279
 12.332 -12.499
 12.576 -13.218
 12.586 -13.700
 12.628 -15.548
 12.516 -15.817
 12.548 -16.148
 12.385 -16.677
0 0
 12.586 -13.700
 12.247 -13.719
 12.143 -13.828
 11.811 -13.743
 11.679 -13.901
 11.677 -14.121
 11.509 -14.382
 11.528 -14.686
 11.040 -15.130
0 0
 12.443 -11.514
 12.077 -11.456
 12.078 -11.298
 12.211 -11.037
 12.178 -10.871
 11.924 -10.593
 11.844 -10.165
 12.060 -9.891
 12.194 -9.568
 12.334 -9.328
 12.308 -9.127
 12.088 -8.905
 11.813 -8.786
 11.394 -8.376
 11.136 -8.581
 10.811 -8.620
 10.909 -8.407
 10.793 -8.282
 10.495 -8.335
 10.207 -8.030
 10.129 -8.229
 9.790 -8.310
 9.376 -8.079
 8.576 -7.832
 8.455 -8.204
 8.316 -8.299
 8.123 -8.222
 7.687 -8.281
 7.686 -8.439
 7.712 -8.722
 7.309 -8.926
 7.314 -9.209
 7.527 -9.403
 7.929 -9.337
 8.541 -9.755
 8.428 -10.017
 8.406 -10.230
 8.349 -10.505
 8.716 -10.494
 8.977 -10.655
 9.268 -10.622
 9.688 -10.839
 10.046 -11.117
 10.047 -11.917
 9.859 -12.150
 9.836 -12.426
 9.620 -12.597
 9.343 -12.712
 8.903 -13.247
0 0
 6.786 -11.439
 7.106 -11.200
 7.397 -11.147
 7.939 -10.696
 8.406 -10.230
0 0
 7.686 -8.439
 7.395 -8.485
 6.912 -8.385
 6.468 -8.603
 6.193 -8.311
 6.126 -7.994
 5.707 -7.570
 5.313 -7.540
 5.188 -7.635
 4.365 -7.712
0 0
 36.946 8.421
 36.433 8.218
 35.480 8.376
 34.655 8.141
 34.097 7.524
 33.344 7.613
 32.748 8.430
 32.506 8.439
 32.103 9.056
 30.308 9.482
 29.425 9.806
 28.960 9.860
 28.144 9.684
 27.688 9.756
 27.141 9.629
 26.512 9.716
 26.094 9.319
 25.365 9.911
 24.937 9.948
 24.379 10.304
 24.563 10.771
 24.098 11.561
 23.472 12.000
 21.566 8.573
 19.601 5.678
 19.155 4.267
 19.057 3.158
 19.694 3.147
 19.856 2.684
 20.142 2.061
 20.611 1.823
 22.793 -1.550
 24.975 -4.923
0 0
 33.137 11.489
 32.369 11.432
 32.082 10.945
 31.761 10.637
 31.376 9.950
 30.962 10.057
 30.539 9.970
 30.308 9.482
0 0
 31.569 25.165
 31.089 24.803
 30.662 24.958
 30.044 24.700
 29.239 25.000
 25.682 25.000
 22.000 25.000
 20.003 25.000
 20.000 23.850
 19.580 23.838
 21.495 19.849
 23.410 15.861
 22.863 14.851
 22.491 14.144
 23.041 13.581
 23.472 12.000
0 0
 19.155 4.267
 16.852 4.270
 16.184 3.723
 15.568 3.638
 15.410 2.750
 15.324 1.386
 14.968 1.016
 14.929 0.375
 14.924 -0.266
 15.116 -0.516
 14.974 -1.066
 14.559 -2.001
 14.246 -2.192
 13.798 -2.968
 13.541 -3.104
 13.338 -3.523
 13.472 -4.006
 13.228 -4.280
 12.543 -4.427
 11.714 -5.221
 11.375 -5.198
 10.951 -5.471
 10.371 -5.404
 10.223 -5.817
 10.096 -6.050
 10.524 -6.205
 10.411 -6.494
 10.431 -6.666
 10.139 -6.851
 10.147 -7.623
 10.297 -7.900
 10.207 -8.030
0 0
 14.929 0.375
 14.444 0.296
 13.989 0.430
 13.336 0.993
 12.852 1.024
 12.625 2.177
 11.940 2.154
 11.641 1.936
 11.548 1.447
 11.111 1.243
 10.997 0.900
 11.019 0.024
 11.098 -0.439
 10.937 -0.762
 11.010 -1.203
 10.963 -2.940
 10.395 -2.964
 9.642 -2.827
 9.900 -3.512
 9.862 -3.980
 9.611 -4.330
 9.822 -4.780
 10.153 -4.955
 10.371 -5.404
0 0
 4.994 -2.856
 5.389 -2.811
 6.250 -3.244
 7.380 -2.984
 8.220 -2.562
 9.642 -2.827
0 0
 5.929 1.060
 6.280 0.837
 6.914 0.570
 7.412 0.491
 8.312 0.712
 8.677 0.461
 9.465 0.366
 10.191 0.368
 10.707 -0.050
 11.019 0.024
0 0
 10.997 0.900
 10.471 0.772
 10.176 1.078
 9.825 1.425
 9.335 1.463
 9.129 1.664
 6.832 1.619
 6.142 1.865
0 0
 11.940 2.154
 12.233 2.490
 12.236 2.849
 11.660 3.611
 11.328 3.572
 10.735 3.797
 10.332 3.600
 10.063 3.705
 9.444 3.220
 9.138 2.912
 8.507 2.724
 7.871 2.749
 6.259 2.692
0 0
 11.660 3.611
 12.553 3.681
 12.956 3.967
 13.531 4.108
 13.747 4.368
 13.866 5.443
 13.493 6.445
 13.115 6.820
 13.098 7.331
 13.344 7.805
 12.827 9.015
 12.851 9.525
 13.277 10.115
 13.247 10.701
 13.387 10.990
 13.329 11.528
 13.037 12.302
 13.596 13.084
 13.556 13.319
 12.462 13.995
 12.484 14.181
 12.085 14.577
 11.905 14.468
 11.572 14.415
 10.799 13.573
 10.160 13.309
 9.641 13.168
 9.418 12.955
 8.718 12.754
 8.306 12.219
 7.800 12.064
 7.397 11.839
 6.981 11.746
 6.644 11.059
 7.055 10.497
 7.039 10.118
 6.453 9.523
 6.444 9.233
 5.480 8.758
 4.772 8.500
0 0
 22.000 36.866
 22.000 32.900
 22.000 29.020
 22.000 25.000
0 0
 22.863 14.851
 21.309 15.097
 21.048 15.471
 20.730 15.487
 20.388 15.903
 19.957 15.686
 17.928 15.300
 16.627 15.248
 15.684 13.972
 14.367 13.540
 13.997 13.957
 13.353 13.954
 13.330 14.596
 12.859 14.496
 12.802 14.214
 12.484 14.181
0 0
 19.580 23.838
 15.611 23.887
 15.681 23.025
 14.944 22.568
 14.327 22.304
 14.093 22.512
 13.786 22.183
 13.372 22.297
 12.955 22.038
 12.588 21.937
 12.646 22.288
 12.260 22.498
 11.679 22.509
 11.385 22.876
 11.142 22.864
 10.972 22.231
 10.567 21.724
 9.476 21.001
 9.013 20.060
 9.075 19.094
 8.983 18.812
 8.631 18.911
 8.281 18.390
 7.891 17.965
 7.508 16.706
 7.735 16.456
 7.754 16.291
 7.497 16.106
 7.422 15.279
 7.693 15.436
 8.382 15.121
 8.796 14.980
 8.966 14.544
 9.549 13.954
 10.021 14.171
 9.921 14.627
 9.992 14.909
 9.982 15.468
 10.891 14.924
 11.556 14.960
 12.219 14.893
 12.859 14.496
0 0
 7.422 15.279
 6.409 14.777
 6.227 14.537
 5.452 14.459
 5.031 14.559
 4.733 14.478
 4.210 14.951
 3.851 15.036
 3.335 15.405
 3.014 15.863
 2.557 15.907
 2.268 16.013
 1.728 15.941
 1.964 15.146
 2.228 14.338
 2.267 13.076
 2.322 12.951
 2.193 12.359
 2.327 11.752
 2.261 11.276
 2.284 9.649
0 0
 2.261 11.276
 1.058 11.285
 1.068 9.830
 1.010 9.493
0 0
 2.267 13.076
 1.831 13.003
 1.314 13.283
 1.396 14.027
 1.197 14.276
 0.039 13.843
 -0.553 14.316
 -1.333 14.425
 -1.998 14.299
 -2.471 13.992
 -2.429 13.110
 -1.948 12.575
 -2.392 12.496
 -2.514 11.821
 -2.766 11.478
 -3.427 11.855
 -3.979 11.094
0 0
 2.268 16.013
 3.198 16.537
 3.728 17.133
 3.560 17.810
 3.504 18.453
 2.900 18.394
 2.366 18.094
 1.742 17.899
 0.856 17.774
 0.289 17.827
 -0.058 17.664
 -0.425 17.639
 -0.744 17.524
 -1.226 16.865
 -1.741 16.407
 -2.712 15.973
 -3.535 16.006
 -3.855 15.754
 -4.344 15.171
 -4.970 14.583
 -4.793 14.209
 -4.510 14.145
 -4.500 13.600
 -4.883 13.258
 -4.781 12.996
0 0
 11.142 22.864
 10.714 22.978
 10.089 23.554
 9.681 23.557
 9.265 23.395
 8.954 23.459
 8.666 23.806
 8.229 24.567
 7.825 25.115
 7.500 25.124
 6.979 25.797
 6.547 26.213
 5.947 26.466
 5.551 27.213
 5.234 27.374
 5.128 27.044
 5.151 26.403
 5.256 25.650
 5.170 25.279
 4.927 25.129
 4.897 24.805
 5.109 24.411
 4.610 23.297
 4.710 22.841
 4.633 22.704
 4.029 22.405
 4.224 21.659
 4.323 20.928
 4.692 20.291
 5.032 19.468
 4.710 18.932
 4.202 18.543
 3.504 18.453
0 0
 14.422 36.430
 14.213 37.594
 14.959 37.906
 14.505 38.513
 14.741 39.099
 14.532 39.341
 14.520 40.026
 14.119 40.897
 13.773 41.155
 13.452 41.599
 12.866 42.010
 12.542 42.352
 12.455 42.780
 12.700 43.081
0 0
 11.462 43.145
 10.927 42.777
 11.105 42.555
 11.034 42.314
 11.051 41.756
 11.355 41.740
 11.631 41.662
 12.100 42.000
 12.542 42.352
0 0
 -1.341 29.579
 -1.443 29.822
 -1.135 30.419
 -1.015 30.770
 -1.027 31.866
 -0.950 33.904
0 0
 -1.135 30.419
 -1.699 30.816
 -2.287 30.758
 -2.414 30.470
 -2.349 29.938
 -2.918 29.632
 -2.839 29.025
0 0
 -10.927 23.912
 -11.237 24.018
 -11.722 23.904
 -12.191 24.080
 -12.566 23.931
 -12.911 24.016
 -12.898 21.934
 -16.080 21.888
 -16.898 22.562
 -17.523 23.215
 -17.931 21.377
 -17.789 18.956
 -17.310 18.263
 -17.353 14.210
 -17.423 14.059
 -16.971 13.462
 -16.941 12.814
 -17.112 12.215
 -17.302 11.734
0 0
 -17.523 23.215
 -17.296 24.034
 -17.353 24.682
 -17.579 25.077
 -17.662 25.084
 -17.887 24.521
 -17.889 24.217
 -18.281 23.579
 -17.869 23.197
 -18.219 21.655
 -18.252 20.911
 -21.814 20.881
 -21.849 19.895
 -24.768 19.896
 -28.461 19.895
 -28.972 19.002
 -29.045 18.465
 -28.856 17.836
 -28.784 17.387
 -28.356 17.219
 -28.082 16.824
 -28.577 16.345
0 0
 -26.734 32.072
 -27.178 31.868
 -27.286 31.283
 -26.744 30.686
 -26.398 30.677
 -26.023 30.950
 -25.731 31.044
 -25.660 31.333
 -25.843 31.838
0 0
 -17.737 25.264
 -18.536 25.649
 -18.714 25.850
 -19.293 26.165
 -20.392 27.296
 -20.499 27.725
 -20.852 27.727
 -21.486 28.021
 -21.639 28.795
 -22.091 29.432
 -22.828 28.017
 -23.574 27.119
 -24.241 26.786
 -24.616 26.486
 -24.696 25.942
 -25.175 25.766
 -25.487 25.665
 -25.720 25.025
 -25.670 24.211
 -25.390 23.734
 -25.269 23.312
 -25.500 22.824
 -25.979 22.580
 -26.280 22.106
 -26.727 21.606
 -26.829 20.890
 -26.477 20.666
 -25.868 20.759
 -24.918 20.166
 -24.768 19.896
0 0
 -15.508 30.274
 -15.881 30.339
 -15.861 31.173
 -16.072 31.637
 -16.319 31.852
 -16.392 32.328
 -16.713 32.848
 -17.979 32.850
 -18.672 32.655
 -19.419 32.612
 -19.716 32.773
 -20.304 32.660
 -20.395 32.509
 -21.117 32.245
 -22.252 31.191
 -22.152 30.660
 -22.272 30.323
 -22.102 29.839
 -22.091 29.432
0 0
 -26.742 32.830
 -26.734 32.072
 -26.292 31.986
 -25.843 31.838
 -25.484 31.752
 -24.369 31.931
 -23.659 31.670
 -22.252 31.191
0 0
 41.881 -9.035
 42.135 -8.672
 42.280 -8.264
 41.791 -8.013
 41.792 -7.423
 41.918 -7.251
 41.883 -6.669
 41.382 -6.389
 41.111 -6.851
 40.331 -6.864
 40.185 -7.026
 39.712 -7.067
 39.630 -7.499
 39.030 -7.098
 38.373 -7.374
 38.076 -7.029
 37.804 -7.167
 37.429 -7.537
 37.098 -7.454
0 0
 42.473 2.986
 42.343 1.827
 42.796 0.702
 42.580 0.338
 43.034 -1.503
 43.423 -1.901
0 0
 54.983 9.922
 54.831 9.282
 54.963 8.526
0 0
 49.464 6.186
 49.202 6.658
 49.018 8.099
 48.333 7.594
 47.621 7.467
 47.450 7.192
 47.542 6.737
 47.288 6.769
 46.726 6.037
 46.273 6.023
 46.430 6.500
 45.991 6.844
 45.709 6.802
 45.333 7.097
 45.029 6.750
 44.255 7.008
 44.128 7.550
 43.694 7.435
0 0
 53.757 14.120
 53.248 14.353
 52.981 14.074
 52.625 14.438
 52.090 14.685
 51.745 14.607
 51.107 15.017
 51.002 14.571
 51.117 14.307
 50.927 14.056
 50.733 13.338
 50.484 12.967
 50.266 12.240
 49.969 12.415
 49.547 12.521
 49.307 13.031
 48.877 13.596
 48.416 13.243
 48.289 12.884
 47.638 13.026
 47.468 12.933
 47.672 12.621
 47.703 12.141
 47.524 11.426
 47.566 10.544
 47.302 10.402
 47.580 9.896
 47.525 9.594
 47.831 8.523
 47.614 8.317
 47.621 7.467
0 0
 47.525 9.594
 47.348 9.633
 47.103 9.480
 46.921 9.932
 46.894 10.443
 46.484 10.363
 46.315 9.923
 46.440 9.183
 46.037 8.966
 46.005 8.490
 46.164 8.317
 45.825 7.756
 45.777 7.274
 45.991 6.844
0 0
 46.894 10.443
 46.751 11.049
 46.942 11.165
 47.115 12.153
 46.768 12.377
 46.509 13.806
 46.017 13.698
 45.591 13.938
0 0
 54.426 19.661
 54.313 20.892
 54.328 22.731
 54.221 23.244
 53.913 23.484
 53.470 23.528
 53.090 23.805
 52.691 23.799
 52.487 23.200
 52.024 23.508
 51.578 23.527
 50.705 24.030
 50.425 23.923
 50.309 23.427
 49.477 22.518
 49.027 22.776
 49.086 22.558
 49.470 21.608
 49.329 20.888
 49.431 20.416
 49.217 19.825
 49.572 19.321
 49.436 18.910
 49.496 18.853
 49.989 18.393
 50.049 17.649
 50.362 17.555
 50.474 16.869
 50.216 16.719
 50.423 16.176
 50.698 16.239
 50.785 15.491
 51.107 15.017
0 0
 57.793 24.313
 57.970 25.165
 57.848 25.603
 57.476 26.464
 57.475 27.288
 57.244 27.770
 56.759 27.855
 56.169 28.177
 55.783 27.102
 55.615 26.494
0 0
 59.475 27.981
 59.301 28.132
 58.725 27.420
 57.792 27.717
 57.475 27.288
0 0
 56.169 28.177
 55.918 29.230
 55.670 29.372
 55.789 29.896
 55.551 30.874
 55.082 30.972
 54.812 30.758
 54.157 31.384
 53.975 31.791
 53.794 31.731
 53.618 32.406
 53.351 32.694
 53.133 32.305
 53.167 31.498
 53.074 31.305
 52.742 31.540
 52.102 31.786
 52.042 30.928
 51.823 30.619
 51.319 30.555
 51.416 30.157
 51.368 29.255
 51.602 28.993
 51.428 28.618
 51.572 28.242
 51.592 27.454
 51.832 26.338
 51.911 25.328
 51.888 24.553
 51.617 24.005
 51.578 23.527
0 0
 53.482 6.905
 53.144 7.092
 52.228 6.843
 51.852 6.589
 51.852 5.989
 50.804 6.157
 51.037 5.607
 51.475 4.974
 51.267 4.047
 51.346 3.315
0 0
 50.804 6.157
 50.128 6.043
 50.090 5.782
 49.529 5.674
 49.985 4.799
 49.908 4.286
 50.379 3.588
 50.780 3.123
 50.797 2.658
 51.149 2.514
0 0
 50.128 6.043
 49.902 6.243
 49.464 6.186
 49.443 5.898
 49.529 5.674
0 0
 55.190 21.268
 55.015 22.316
 54.857 22.758
 54.583 22.651
 54.328 22.731
0 0
 56.031 21.056
 56.338 22.201
 56.274 23.878
 56.373 24.861
 56.165 25.001
 56.100 25.533
 55.615 26.494
 55.167 26.588
 54.847 25.768
 54.282 25.536
 53.906 24.451
 53.913 23.484
0 0
 49.496 18.853
 49.495 18.555
 49.315 18.400
 49.272 18.171
 49.044 18.105
 48.996 17.914
 48.904 17.887
 48.800 17.545
 48.817 17.102
 48.597 16.960
 48.786 16.499
 48.734 16.030
 49.039 15.253
 48.964 14.901
 48.555 14.339
 48.877 13.596
0 0
 48.597 16.960
 48.470 16.880
 48.124 16.980
 47.715 16.904
 47.713 16.341
 47.496 16.534
 46.852 16.202
 46.684 16.012
 46.659 15.137
 46.432 14.632
 46.509 13.806
0 0
 48.422 22.086
 48.150 22.641
 47.882 22.711
 47.672 22.100
 46.994 21.626
 46.316 21.022
 46.127 20.220
 46.172 19.596
 45.909 18.830
 45.759 18.456
 45.952 17.630
 46.381 16.883
 46.504 16.565
 46.841 16.370
 46.852 16.202
0 0
 42.480 18.450
 42.650 18.560
 43.029 17.675
 43.446 17.297
 43.668 16.916
 44.041 16.456
 44.351 16.240
 44.819 15.750
 45.234 15.959
 45.004 16.318
 45.212 16.535
 45.234 17.002
 45.068 17.862
 45.082 18.553
 44.860 19.005
 45.237 19.390
 45.522 19.073
 45.909 18.830
0 0
 49.086 22.558
 48.825 22.281
 48.422 22.086
 48.320 21.872
 48.624 20.801
 48.563 20.474
 48.328 20.239
 48.203 19.769
 48.267 19.661
 48.111 19.174
 48.082 18.777
 47.881 18.697
 47.758 17.857
 47.867 17.488
 48.124 16.980
0 0
 46.504 16.565
 46.238 15.769
 45.834 15.672
 45.732 15.324
 45.452 15.328
 45.472 14.935
 45.635 14.595
 45.466 14.412
 45.500 13.715
0 0
 48.221 26.619
 48.123 26.924
 47.827 27.234
 47.405 27.551
 46.810 28.128
 46.372 28.160
 45.945 28.054
 45.488 28.234
0 0
 43.707 28.558
 43.812 27.970
 44.176 27.242
 43.944 26.065
 43.688 25.569
 43.741 24.101
 43.897 23.332
 43.824 22.945
 44.235 22.657
 44.409 22.474
 44.578 22.706
 44.703 22.459
 44.478 22.145
 44.769 21.562
 45.181 21.484
 45.416 20.874
 45.735 20.762
 46.127 20.220
0 0
 44.235 22.657
 44.008 22.410
 43.643 22.500
 43.211 22.986
 42.899 22.605
 42.580 22.437
 42.461 22.545
 42.320 22.381
 42.304 21.917
 42.245 21.577
 42.207 21.353
 42.052 20.762
 41.847 20.717
 41.855 20.590
 42.218 20.523
 42.320 20.284
 42.589 20.071
 42.500 19.802
 42.688 19.738
 42.196 19.304
 41.878 19.372
0 0
 47.882 22.711
 48.096 23.142
 47.986 23.761
 47.982 24.402
 47.738 24.866
 47.891 25.208
 47.987 25.946
 48.221 26.197
 48.221 26.619
 48.368 26.858
 48.467 27.523
 48.156 28.260
 48.118 28.671
 47.849 29.123
 47.510 29.051
 47.347 29.415
 46.929 29.560
 46.674 29.909
 46.525 29.838
 46.424 30.025
 46.350 29.760
 46.379 29.171
 46.518 29.072
 46.438 28.863
 46.259 28.934
 45.940 28.660
 45.597 28.485
 45.488 28.234
 45.304 28.680
 45.465 29.150
 45.293 29.603
0 0
 52.102 31.786
 52.061 32.159
 52.289 32.412
 52.238 32.716
 52.335 33.753
 51.769 34.392
 51.566 34.142
 51.256 34.225
 51.208 35.022
 50.774 35.378
 50.577 35.356
 50.226 36.626
 50.384 37.393
 49.916 38.011
 49.926 38.595
 49.601 40.069
 49.307 40.081
 48.784 39.675
 48.232 39.896
 47.899 39.738
 47.826 38.771
 47.546 38.255
 47.102 38.224
0 0
 42.007 27.997
 42.141 27.136
 41.827 26.117
 41.329 26.106
 41.234 25.197
 41.584 24.493
 41.309 23.692
 41.338 22.952
 41.999 22.881
 42.320 22.381
0 0
 41.338 22.952
 41.305 22.762
 41.130 22.597
 41.150 22.055
 40.931 21.674
 40.843 21.020
 41.086 20.605
 41.515 20.463
 41.855 20.590
0 0
 41.827 26.117
 41.562 26.604
 40.936 26.295
 40.824 26.057
0 0
 40.843 21.020
 40.580 21.000
 40.435 20.675
 40.110 20.615
 39.625 20.150
0 0
 41.536 41.554
 41.583 42.620
 41.092 43.583
 40.740 43.753
 40.254 43.656
 40.005 44.400
 39.713 44.794
 39.428 44.109
 38.281 44.421
 37.972 44.226
 37.170 44.773
 37.002 44.293
 37.256 43.942
 37.385 42.779
 37.230 42.350
 37.074 41.212
 37.091 40.673
 36.716 39.523
 36.713 38.700
 36.901 38.168
 36.623 37.067
 36.818 36.739
 36.260 36.685
 36.041 36.418
 35.822 36.150
0 0
 43.435 39.955
 43.553 40.077
 43.382 40.922
 43.220 42.394
 42.741 43.756
 42.555 43.931
 42.712 44.538
 42.503 45.470
 42.092 45.776
 41.861 46.405
 41.723 46.145
 41.182 46.638
 41.064 46.502
 41.124 45.963
 41.411 45.217
 41.248 44.972
 41.092 43.583
0 0
 69.065 28.592
 68.365 28.446
 67.698 29.977
 66.944 29.055
 65.806 30.218
 64.949 29.544
 64.204 30.445
 63.553 30.036
 62.868 31.516
 62.358 31.140
 61.780 30.211
 60.504 28.070
0 0
 38.771 46.506
 39.508 47.685
 39.582 48.060
 39.289 48.356
 38.794 48.011
 38.270 48.634
 38.320 48.883
0 0
 31.482 35.398
 31.100 35.421
 29.501 34.923
0 0
 33.379 38.792
 32.161 39.196
 32.010 39.005
 31.508 37.002
 30.509 37.999
 30.339 37.668
 30.004 37.504
 29.865 36.741
 29.505 36.501
 29.198 36.069
 29.357 34.956
0 0
 29.976 47.975
 30.059 47.303
 29.099 46.569
 29.179 44.710
 31.190 41.890
 31.890 40.400
 32.161 39.196
0 0
 29.927 48.568
 30.452 48.015
 30.985 48.005
 30.985 47.685
 31.709 47.849
 32.469 47.335
 33.017 46.109
 33.968 45.417
 34.748 45.648
 35.093 46.152
 35.677 46.076
 35.978 45.421
 37.170 44.773
0 0
 37.199 53.922
 37.392 54.800
 37.964 55.512
 37.935 56.180
 38.121 56.619
 38.029 57.330
 37.522 58.436
 37.413 59.235
 36.527 60.378
 36.492 61.123
 35.650 61.211
 34.404 60.803
 33.676 60.528
 33.529 60.964
 32.981 60.536
 32.183 60.864
 31.548 60.942
 31.380 61.699
 30.736 61.781
 29.829 60.874
 29.303 61.369
 28.699 61.772
 28.260 62.728
 27.379 62.755
 27.217 63.234
 26.757 63.317
 26.240 61.874
 25.078 61.497
0 0
 16.651 53.109
 17.350 52.782
 19.000 52.000
 20.000 55.000
 22.000 55.667
 22.708 55.208
0 0
 16.348 42.779
 16.667 43.218
 17.088 43.116
 17.580 43.381
 17.320 43.792
 17.410 44.063
 17.433 45.217
 17.333 45.400
 17.233 46.367
 17.283 46.750
 16.950 47.000
 17.117 47.467
 18.167 48.183
 18.617 49.117
 19.000 52.000
0 0
 69.106 20.646
 68.617 21.979
 67.936 23.539
 66.396 23.566
 66.007 23.903
0 0
 28.552 48.416
 28.526 47.709
 29.003 47.460
 29.099 46.569
0 0
 24.627 51.390
 24.556 51.112
 24.755 50.810
0 0
 26.055 56.071
 25.715 56.261
0 0
 24.925 56.397
 24.921 55.886
 24.270 55.804
 24.131 55.981
 23.934 55.529
 23.525 55.526
 23.111 55.234
 22.708 55.208
 22.497 55.007
 23.001 52.001
 24.014 51.618
 24.245 51.580
0 0
 46.399 49.101
 46.561 48.593
 47.076 48.695
 47.744 48.057
 47.716 47.315
 48.394 46.466
 49.152 47.044
 49.356 46.752
 50.455 47.550
 49.875 48.578
 50.605 48.702
 51.693 50.767
 51.719 52.329
 51.026 54.533
 50.622 55.717
 51.044 56.778
 51.064 58.363
 50.545 59.642
 50.842 59.933
 50.799 61.337
 51.273 61.588
 51.960 59.968
 52.448 60.927
 52.720 60.740
 52.980 61.700
 53.665 60.978
 54.006 61.437
 54.354 65.179
 54.601 65.667
 54.970 68.169
 55.385 69.068
 55.170 70.865
 54.133 71.180
 54.377 72.224
 54.036 73.509
 53.490 73.426
 53.547 74.385
 54.491 76.891
 54.177 76.525
 53.404 77.801
 50.865 80.036
 51.388 80.568
 50.812 81.946
 51.069 83.383
 50.889 83.935
 50.311 84.416
 50.117 85.116
 49.693 85.541
 49.827 86.829
 49.215 87.360
 48.549 86.599
 48.456 85.768
 47.453 85.721
 47.001 85.164
 47.330 83.180
 45.540 82.459
 45.317 81.947
 44.918 79.966
 43.180 80.866
 42.920 80.180
 42.350 80.260
 42.497 79.644
 42.856 79.142
 42.961 77.658
 42.988 76.000
 42.878 75.637
 43.298 74.213
 43.091 73.645
 42.501 73.490
 42.845 71.845
 42.704 71.186
 42.266 70.962
 42.081 70.389
 41.384 69.070
 40.669 68.632
 40.662 68.260
 41.136 67.986
 41.168 66.714
 41.988 66.511
 41.995 66.023
 42.998 66.098
 43.728 64.901
 43.650 63.186
 43.504 62.013
 44.406 61.058
 44.784 60.240
 45.500 58.690
 45.587 58.503
 44.996 55.929
 41.309 55.968
 41.260 55.455
 42.044 54.755
 42.324 54.079
 42.116 52.944
 41.783 52.502
0 0
 42.266 70.962
 42.168 71.259
 41.520 70.420
 41.144 71.158
 41.393 71.870
 40.866 73.055
 40.146 71.775
 40.244 71.014
 40.219 70.601
 40.497 70.458
 40.960 70.667
 40.728 69.329
 40.086 69.012
 39.533 68.536
 39.580 67.701
 39.140 67.442
 38.902 68.176
 38.157 68.392
 37.145 67.830
 37.356 67.076
 37.363 66.519
 37.975 66.546
 38.403 65.216
 38.892 64.170
 39.363 63.518
 40.054 62.374
 41.085 61.883
 41.266 61.547
 41.220 60.466
 41.425 60.083
 42.223 59.976
 42.752 58.629
 42.171 57.787
 41.826 56.932
 41.322 57.096
 41.309 55.968
0 0
 37.363 66.519
 37.394 66.217
 37.661 65.746
 37.305 65.589
 37.112 64.746
 36.312 64.547
 36.008 63.983
 35.857 63.194
 35.404 62.985
 35.271 62.231
 35.650 61.211
0 0
 37.145 67.830
 37.023 68.136
 37.344 68.859
 37.151 69.196
 37.609 69.519
 37.588 70.117
 37.735 70.271
 38.138 70.376
 38.486 70.807
 38.259 71.348
 37.953 71.239
 37.906 71.542
 37.066 71.449
 36.738 71.845
 36.948 72.193
 37.048 72.637
 37.495 73.260
 37.422 73.949
 37.420 74.980
 37.133 75.158
 37.021 74.576
 36.836 74.068
 36.720 72.920
 36.510 71.846
 36.074 71.262
 35.651 71.499
 35.153 71.613
 34.733 71.115
 34.349 71.157
 33.989 70.882
 34.020 69.931
 33.359 70.324
 33.105 69.687
 32.502 69.263
 31.901 69.318
 31.620 68.927
 31.713 68.557
 31.583 67.793
 31.303 67.683
 31.305 66.939
 30.739 66.381
 29.888 66.346
 29.472 65.047
 29.560 64.350
 29.341 64.148
 29.468 63.550
 29.319 62.550
 29.829 60.874
0 0
 42.350 80.260
 42.124 80.119
 41.582 78.544
 41.185 78.187
 41.066 76.904
 40.428 76.526
 40.562 75.468
 40.366 74.777
 39.894 73.822
 39.660 73.960
 39.431 73.675
 39.279 71.785
 39.604 70.549
 39.527 69.465
 40.103 69.560
 39.936 70.648
 40.244 71.014
0 0
 39.431 73.675
 38.506 73.929
 38.607 74.258
 38.379 74.865
 37.990 74.830
 37.420 74.980
0 0
 32.765 74.452
 32.271 75.259
 31.693 74.406
 30.980 74.421
 29.976 73.451
 28.962 72.824
 27.913 71.778
 27.989 70.616
 26.941 69.514
 26.492 70.169
 25.722 70.283
 25.215 70.845
 24.357 71.043
 24.359 68.843
 23.692 68.177
0 0
 28.262 97.327
 27.883 97.403
 27.699 97.052
 27.084 97.134
 27.265 96.419
 26.574 95.125
 26.001 95.155
 25.163 94.603
 24.675 94.553
 23.851 94.107
 24.079 93.325
 23.044 93.286
 22.703 93.060
 22.278 93.166
 22.041 92.673
 23.627 92.146
 23.624 91.870
 22.985 91.706
 23.504 91.159
 24.073 91.468
 24.130 91.915
 24.977 92.376
 25.147 91.800
 25.133 90.872
 25.270 89.921
 25.965 89.833
 26.014 89.355
 26.447 88.563
 25.768 88.210
 25.239 88.932
 24.866 88.306
 24.502 88.084
 24.234 88.700
 23.631 88.530
 22.879 88.876
 22.056 89.032
0 0
 27.877 88.120
 27.974 86.954
 28.204 85.823
 28.643 85.012
 28.840 84.235
 29.320 83.899
 29.464 83.337
 30.115 82.328
 30.423 81.526
 30.183 81.111
0 0
 27.299 88.814
 28.043 89.476
 28.296 90.016
 28.065 90.731
 28.041 91.259
 27.772 91.697
0 0
 20.671 92.369
 21.475 92.303
 21.324 92.652
 22.041 92.673
0 0
 28.262 97.327
 28.336 97.912
 27.747 98.246
 27.509 98.683
 26.744 98.712
 25.919 98.672
 25.084 97.725
 23.897 97.605
 24.063 98.660
 23.143 98.899
 22.949 99.532
 22.118 99.241
 21.743 99.983
 21.559 100.417
 21.850 101.150
 21.437 101.180
 20.786 100.329
 20.418 100.116
 20.187 99.543
 19.753 98.960
 19.708 98.254
 18.627 97.798
 18.445 97.376
 17.568 97.859
 16.838 98.494
 16.178 98.903
 15.308 98.537
 15.124 98.192
 14.622 98.431
 13.828 99.098
 13.269 99.212
 12.805 99.196
 11.893 99.587
 10.961 99.038
 9.933 98.554
0 0
 20.418 100.116
 20.109 100.549
 19.508 100.606
 19.463 101.282
 18.409 101.036
 17.512 101.060
 18.109 102.114
 17.933 102.413
 17.962 102.999
 18.310 103.200
 18.241 103.956
 17.429 104.717
 16.442 104.779
 15.570 105.589
 14.724 105.544
 14.273 105.219
 14.417 104.281
 14.226 102.988
 13.394 102.348
 12.187 102.585
0 0
 21.437 101.180
 21.202 101.270
 21.174 101.803
 22.318 101.652
 22.465 102.170
 21.675 102.755
 20.767 103.204
 20.759 104.435
 19.887 104.823
 19.625 104.183
 19.265 103.896
 18.667 105.095
 17.485 105.926
 16.604 106.556
 15.909 107.313
 15.202 107.565
 14.202 107.383
 14.571 106.496
 13.881 106.044
 14.273 105.219
0 0
 14.202 107.383
 13.536 107.615
 12.337 107.491
 11.568 105.811
 10.962 106.250
 10.889 105.200
 10.487 104.334
0 0
 22.465 102.170
 22.709 102.707
 22.704 103.505
 22.819 104.477
 23.352 105.329
 22.977 105.811
 22.794 106.725
 22.218 106.567
 21.812 107.043
 21.552 108.050
0 0
 6.222 102.141
 5.811 101.814
 5.691 101.154
 6.205 101.075
 6.643 100.260
 6.464 100.086
0 0
 4.138 117.882
 4.306 117.015
 4.307 115.865
 3.169 115.519
 2.821 115.134
 1.431 114.621
 1.218 113.806
 1.498 112.860
 1.410 112.380
 0.904 111.798
 0.977 111.159
 0.773 110.514
 1.338 109.830
 2.006 109.663
0 0
 49.215 87.360
 49.297 87.751
 48.599 88.014
 48.069 88.854
 47.694 90.281
 46.888 90.971
 45.720 90.586
 45.286 90.946
 45.115 92.134
 44.975 93.481
 44.352 94.689
 44.241 95.307
 43.319 95.763
 42.726 96.349
 42.749 97.452
 42.525 99.516
 42.664 100.846
 42.515 101.833
 41.907 103.312
 41.908 104.522
 41.597 104.965
 42.134 106.129
 42.482 107.745
 42.519 109.244
 42.871 110.412
 43.407 111.130
 43.743 111.830
 44.073 111.668
 44.457 111.348
 45.102 111.873
 45.012 112.436
 44.809 113.464
 45.340 114.460
 45.727 115.985
 46.388 116.718
 46.673 117.422
 46.805 118.874
 46.693 119.663
 47.048 119.773
 47.747 118.867
 48.067 118.064
 47.698 117.296
 47.853 116.309
 47.727 115.743
 48.135 115.485
 49.135 116.192
 49.889 116.679
 49.511 117.879
 50.143 119.288
 50.583 119.279
 51.644 120.182
 51.964 120.738
 52.516 120.726
 52.754 120.177
 53.251 121.003
 53.432 122.246
 53.459 123.571
 53.161 125.068
 52.793 125.946
 51.784 126.564
 51.354 126.939
 50.740 127.287
 49.760 127.657
 49.441 129.398
 48.730 130.582
 47.790 130.987
 47.789 132.507
 48.183 133.374
 48.478 135.026
 47.578 134.501
 47.212 134.112
 46.117 133.770
 45.144 133.097
 45.321 131.883
 44.968 131.025
 44.112 131.289
 42.930 131.145
 42.903 130.634
 42.395 130.640
0 0
 49.297 87.751
 49.471 88.806
 50.332 90.714
 50.802 92.235
 50.495 93.104
 50.481 94.148
 50.013 94.816
 49.977 95.814
 49.726 97.260
 50.422 98.232
 51.011 97.826
 52.047 98.861
 51.634 99.982
 51.517 100.890
 51.260 102.065
 50.511 102.256
 50.090 103.677
 50.275 104.622
 50.406 105.887
 50.274 106.889
 49.794 107.868
 49.283 108.475
 49.293 109.402
 49.130 110.662
 49.378 111.581
 49.544 112.898
 50.248 114.362
 50.140 114.962
 49.805 115.486
 49.889 116.679
0 0
 39.929 124.266
 40.570 125.080
 41.107 126.182
 41.817 126.869
 41.503 127.344
 41.467 128.208
 41.994 128.052
 42.425 129.597
 42.985 129.994
 42.395 130.640
 42.220 130.780
0 0
 38.612 128.350
 38.370 128.206
 38.305 127.780
 38.256 127.073
 37.805 126.684
 37.840 126.237
 37.750 126.175
0 0
 -8.893 124.969
 -9.090 125.070
 -9.393 125.089
0 0
 -2.600 141.000
 -5.859 141.017
 -9.118 141.034
0 0
 -5.038 11.915
 -4.606 12.319
 -4.438 12.621
 -4.781 12.996
 -4.991 12.632
 -5.248 12.468
 -5.684 12.437
 -5.790 12.182
0 0
 44.860 19.005
 44.863 19.368
 44.423 19.118
 44.038 19.600
 43.568 19.454
 43.524 19.219
 43.433 19.032
 43.200 18.706
 42.650 18.560
0 0
 41.809 48.584
 41.406 47.987
 41.151 47.816
 41.220 47.373
 41.827 46.686
 41.861 46.405
0 0
 37.230 42.350
 36.606 41.837
 36.359 41.290
 35.628 41.384
 34.419 41.006
 33.379 38.792
 32.313 36.834
 32.709 35.720
 32.716 35.701
0 0
 33.277 35.821
 33.264 35.553
 33.089 35.461
 33.091 35.126
0 0
 35.140 32.732
 35.088 32.920
 35.173 33.191
 35.163 33.384
 35.101 33.456
 35.000 33.476
 35.039 33.526
 35.018 33.675
 35.094 33.866
 35.059 33.974
0 0
 43.524 19.219
 43.352 19.484
 43.214 19.630
 43.106 19.959
 42.899 20.340
 42.813 20.258
 42.589 20.071
0 0
 41.248 44.972
 40.985 45.179
 40.812 45.560
 40.561 45.359
 40.218 45.892
 39.900 45.610
 39.628 46.035
 39.464 46.484
 38.771 46.506
 38.741 46.144
0 0
 49.000 -122.840
 49.000 -120.000
 49.000 -117.031
 49.000 -116.048
 49.000 -113.000
 49.000 -110.050
 49.000 -107.050
 49.000 -104.048
 49.000 -100.650
 49.001 -97.229
 49.000 -95.159
 49.384 -95.156
 49.389 -94.818
 48.840 -94.640
 48.671 -94.329
 48.609 -93.631
 48.450 -92.610
 48.140 -91.640
 48.270 -90.830
 48.010 -89.600
 48.020 -89.273
 48.303 -88.378
 47.940 -87.440
 47.553 -86.462
 47.220 -85.652
 46.900 -84.876
 46.637 -84.779
 46.539 -84.544
 46.440 -84.605
 46.409 -84.337
 46.512 -84.142
 46.275 -84.092
 46.117 -83.891
 46.117 -83.616
 45.995 -83.470
 45.817 -83.593
 45.348 -82.551
 44.440 -82.338
 43.571 -82.138
 42.980 -82.430
 42.430 -82.900
 42.080 -83.120
 41.976 -83.142
 41.833 -83.030
 41.675 -82.690
 41.675 -82.439
 42.209 -81.278
 42.366 -80.247
 42.864 -78.939
 42.965 -78.920
 43.270 -79.010
 43.466 -79.172
 43.625 -78.720
 43.629 -77.738
 43.629 -76.820
 44.018 -76.500
 44.096 -76.375
 44.816 -75.318
 45.000 -74.867
 45.007 -73.348
 45.008 -71.505
 45.255 -71.405
 45.305 -71.085
 45.460 -70.660
 45.915 -70.305
 46.693 -70.000
 47.448 -69.237
 47.185 -68.905
 47.355 -68.234
 47.066 -67.790
 45.703 -67.791
 45.138 -67.137
0 0
 17.998 38.410
 17.428 37.904
 17.263 37.167
 16.957 36.853
 16.292 36.754
 14.822 36.323
 14.422 36.430
 13.563 36.270
 12.578 35.864
 12.083 35.260
 11.319 34.832
 10.910 34.731
 10.630 34.257
 9.584 33.962
 8.685 33.975
 8.379 33.825
 8.355 33.295
 7.785 32.954
 7.713 33.568
 7.226 34.075
 6.826 34.250
 6.594 34.707
 5.506 35.298
0 0
 8.003 47.789
 5.002 44.964
 4.958 43.661
 4.253 42.770
 4.234 42.129
 3.919 41.855
0 0
 3.919 41.855
 3.919 41.172
 4.257 40.768
 3.839 39.855
 3.422 39.559
 3.501 38.893
 3.616 38.671
 3.589 38.437
 3.599 38.121
 4.448 36.855
 4.448 36.159
 4.777 35.817
0 0
 -4.677 39.202
 -3.677 37.767
 -3.097 37.699
 -1.060 34.073
 -0.950 33.904
 0.110 33.894
 0.515 34.180
 1.177 34.672
 1.906 35.036
 3.054 34.596
 3.556 34.479
 4.250 34.005
0 0
 27.656 -8.666
 27.656 -8.818
 27.121 -8.795
 27.088 -9.413
 26.861 -9.735
 26.861 -10.189
 26.991 -10.551
 26.883 -11.393
 26.104 -11.718
 26.031 -12.031
 24.770 -12.501
 23.691 -13.891
 22.310 -14.221
 21.861 -14.631
 21.501 -14.751
 21.421 -17.003
0 0
 58.856 11.027
 59.432 11.468
 60.118 12.300
 61.294 12.631
 61.800 11.992
 63.128 11.931
 64.066 12.580
 64.049 13.572
 64.445 13.920
 64.787 13.556
 66.194 15.108
 67.302 16.109
 68.014 16.769
 68.011 17.729
 68.567 17.994
 68.407 19.879
 69.065 20.025
 69.106 20.646
 69.370 21.245
 68.842 22.356
 68.891 23.662
 68.650 24.736
 69.092 25.689
 69.825 26.180
 70.164 27.732
 69.766 29.016
 69.065 28.592
 69.157 29.400
 69.558 31.101
0 0
 -10.317 40.317
 -10.897 39.521
 -11.285 38.428
 -11.269 37.828
 -11.569 37.471
 -11.595 36.775
 -11.721 36.514
 -11.439 35.312
 -11.520 34.560
0 0
 -9.231 32.759
 -9.677 33.231
 -10.526 33.486
 -10.797 33.315
 -11.607 33.114
 -12.436 33.306
 -12.784 32.992
 -13.713 32.688
 -13.972 33.214
 -14.796 30.180
 -15.508 30.274
 -15.645 29.517
 -16.043 28.947
 -16.390 28.826
 -16.468 28.468
 -17.291 27.598
 -17.938 27.044
 -17.961 26.707
 -17.846 26.382
 -17.737 25.264
 -17.662 25.084
0 0
 -11.520 34.560
 -12.280 34.280
 -13.580 34.560
 -13.565 34.907
 -13.888 35.268
 -14.611 35.687
 -15.897 35.772
 -16.107 35.339
 -16.801 35.034
 -16.184 34.381
 -15.479 34.307
 -15.014 34.518
 -14.613 34.460
 -14.360 34.065
 -14.452 33.790
 -13.972 33.214
0 0
 3.509 30.834
 2.340 30.773
 2.204 31.174
 1.849 30.853
 1.584 30.469
 1.062 30.086
 0.597 29.876
 -0.205 29.820
 -0.587 29.588
 -1.341 29.579
 -1.620 29.292
 -2.215 29.255
 -2.292 29.117
 -2.839 29.025
 -3.294 29.276
 -4.500 29.340
 -5.420 29.520
 -5.940 29.420
 -6.520 29.620
 -7.080 30.200
 -8.340 30.740
 -8.238 30.346
 -8.407 29.003
 -8.527 28.735
 -9.165 28.450
 -9.606 28.674
 -10.790 28.496
 -11.794 28.372
 -11.972 28.642
 -12.361 29.342
 -12.179 29.616
 -13.257 29.700
 -13.249 28.934
 -12.699 28.524
 -12.272 28.155
 -12.133 27.389
 -11.609 27.164
 -11.924 26.553
 -11.785 25.752
 -11.331 25.418
 -11.239 24.783
 -11.263 24.315
 -10.952 24.257
 -10.927 23.912
 -10.868 23.457
 -11.018 22.837
 -10.993 22.403
 -11.085 22.155
 -9.895 22.209
 -9.524 21.875
 -8.909 21.802
 -8.306 21.949
 -7.920 21.746
 -7.291 21.728
 -7.300 20.515
 -6.939 20.602
 -6.943 20.092
 -7.116 20.038
 -7.155 19.418
 -7.738 19.167
 -7.988 19.017
 -7.847 18.464
 -7.988 18.134
 -8.069 17.473
 -7.546 17.090
 -7.222 16.860
 -6.623 16.573
 -5.877 16.327
 -5.864 13.376
 -5.984 13.025
 -5.966 12.735
 -6.100 12.322
0 0
 -2.414 30.470
 -2.808 30.528
 -3.034 30.743
 -3.359 30.752
 -3.569 30.506
 -4.090 30.116
 -4.452 29.754
 -4.500 29.340
0 0
 42.813 20.258
 42.885 20.497
 43.217 20.635
 43.272 20.814
 43.131 20.957
 43.069 21.143
 42.910 21.274
 42.863 21.439
 42.677 21.633
 42.683 21.775
 42.439 21.663
 42.320 21.543
 42.245 21.577
0 0
 18.045 -71.708
 18.317 -71.688
 18.617 -71.945
 18.785 -71.701
 19.170 -71.625
 19.714 -71.712
0 0
 11.411 48.948
 11.394 48.942
 10.982 48.938
 9.974 48.938
 9.452 48.938
 8.838 48.487
 8.003 47.789
0 0
 -17.580 -69.590
 -18.093 -69.858
 -18.348 -70.373
0 0
 29.501 34.923
 31.219 34.265
0 0
 32.709 35.720
 32.398 35.548
0 0
 33.284 35.824
 33.825 36.066
 34.202 36.612
 34.594 36.448
 34.645 35.998
0 0
 32.398 35.548
 32.394 35.546
 32.533 35.184
 31.867 34.975
 31.754 35.226
 31.617 34.971
 31.353 34.927
 31.489 35.398
 31.482 35.398
0 0
 32.716 35.701
 32.868 35.836
 33.277 35.821
 33.284 35.824
0 0
 9.604 29.001
 9.793 29.516
 10.085 29.619
 10.291 29.997
 9.707 30.838
 9.810 31.353
 10.531 31.851
 11.081 32.400
 11.681 32.314
 11.973 32.074
 12.025 32.675
 12.248 32.743
 12.179 33.207
 11.441 33.087
 10.720 33.207
 10.325 33.722
 9.982 33.842
 9.484 33.825
 9.464 33.963
0 0
 8.620 23.887
 8.918 24.537
 9.810 24.795
 10.274 25.070
 10.411 25.791
 10.136 25.962
 9.553 26.477
 9.467 26.752
 9.639 27.113
 9.604 27.834
0 0
 4.250 34.005
 3.790 33.390
 3.792 32.686
 3.558 31.881
 3.782 31.246
 3.509 30.834
 4.174 29.953
 4.601 29.716
 4.389 29.159
 4.455 28.697
 4.287 28.429
 4.408 27.980
 5.234 27.374
0 0
 9.604 27.834
 9.398 27.971
 9.398 28.967
 9.604 29.001
0 0
 5.506 35.298
 4.847 34.620
 4.250 34.005
0 0
 4.777 35.817
 5.338 35.817
 5.506 35.298
0 0
 -9.694 33.941
 -9.417 33.740
 -9.231 32.759
 -8.930 32.192
 -8.762 31.556
 -8.595 31.158
 -8.340 30.740
0 0
 -11.520 34.560
 -10.160 34.280
 -9.694 33.941
0 0
 35.168 -2.170
 34.528 -1.793
 33.920 -1.733
 32.864 -1.388
 32.652 -1.125
 32.263 -1.308
0 0
 32.263 -1.308
 32.094 -2.617
 31.724 -3.069
 31.637 -3.647
 30.897 -3.690
 30.501 -4.860
 30.000 -5.242
 29.732 -6.061
 29.579 -7.059
 28.841 -8.674
 27.656 -8.666
0 0
 37.133 75.158
 36.667 75.897
 35.898 76.193
 35.494 77.837
0 0
 33.506 78.811
 32.994 79.209
 32.484 79.176
 32.618 78.458
 31.516 78.739
 30.883 79.721
 30.183 81.111
 29.730 80.477
 28.794 80.088
 28.416 81.057
 27.925 82.000
 27.365 83.304
 27.235 84.675
 26.726 85.252
 26.631 86.024
 26.398 87.228
 26.415 88.060
 26.810 88.175
 27.446 88.043
 27.877 88.120
 28.087 88.730
 27.299 88.814
 27.099 88.836
 26.719 89.745
 26.876 90.373
 26.809 91.218
 26.838 92.033
 27.453 92.104
 27.772 91.697
0 0
 35.494 77.837
 34.322 78.912
 33.506 78.811
0 0
 27.772 91.697
 27.897 92.503
 28.641 93.413
 29.277 94.566
 29.032 95.405
 29.453 96.118
 28.831 96.587
 28.411 96.249
 28.262 97.327
0 0
 5.973 -57.147
 5.074 -57.307
 4.813 -57.914
 4.577 -57.860
 4.061 -58.045
 3.335 -57.602
0 0
 5.757 -53.958
 4.897 -54.479
 4.213 -54.400
 3.620 -54.007
 3.190 -54.182
0 0
 3.335 -57.602
 3.333 -57.281
 2.769 -57.150
 1.900 -56.539
0 0
 3.190 -54.182
 2.732 -54.270
 2.312 -54.525
0 0
 10.927 42.777
 10.573 42.559
 10.022 42.928
 9.540 43.297
 9.184 43.679
 7.997 46.948
 8.003 47.789
0 0
 3.919 41.855
 2.785 40.981
 -0.858 40.993
 -1.683 41.585
0 0
 35.494 77.837
 34.654 76.872
 34.505 75.757
 34.749 74.240
 34.318 73.750
 33.441 74.104
 32.765 74.452
0 0
 45.972 33.436
 46.220 33.699
 46.005 34.410
 45.966 34.732
 45.768 34.862
 45.738 35.013
