0 0
0 0
 52.800 106.580
 52.940 106.540
 53.180 107.080
 53.380 107.300
 53.520 107.600
 53.860 108.040
 54.260 108.380
 55.028 109.053
 55.536 109.193
 55.731 109.507
 55.713 109.930
 54.980 109.700
 54.720 109.660
 54.340 109.480
 53.820 109.320
 53.620 109.220
 53.780 109.000
 53.440 108.600
 53.380 108.800
 53.200 108.760
 53.140 108.460
 52.800 108.180
 52.580 107.800
 52.420 107.320
 52.320 106.640
 52.040 106.100
 51.760 105.740
 51.520 105.240
 51.460 104.820
 51.500 104.300
 51.600 103.760
 51.740 103.620
 51.860 103.860
 51.860 104.400
 52.000 105.060
 52.280 105.480
 52.520 105.980
 52.620 106.260
 52.800 106.580
0 0
 53.930 -98.955
 54.337 -97.958
 54.059 -97.805
 53.425 -97.644
 51.397 -96.393
 50.691 -96.238
 50.449 -96.726
 50.754 -96.921
 51.498 -97.236
 52.185 -98.201
 53.216 -99.237
 53.930 -98.955
0 0
 61.972 -115.000
 62.542 -115.807
 62.779 -116.059
 62.750 -115.843
 62.428 -114.453
 62.044 -113.353
 62.444 -111.779
 62.920 -111.040
 63.080 -110.200
 62.878 -109.400
 62.814 -109.090
 62.693 -109.117
 62.516 -110.101
 62.349 -111.276
 61.560 -112.631
 61.080 -113.640
 60.877 -115.341
 60.860 -116.440
 61.312 -118.061
 61.361 -118.347
 61.521 -118.385
 61.556 -118.180
 61.326 -116.803
 61.692 -115.679
 61.972 -115.000
0 0
 43.254 -79.056
 43.202 -79.362
 43.297 -79.760
 43.639 -79.461
 43.757 -79.156
 43.903 -78.451
 44.039 -77.605
 43.850 -77.161
 44.069 -76.883
 44.208 -76.566
 44.135 -76.353
 43.979 -76.239
 43.590 -76.180
 43.260 -76.930
 43.343 -77.749
 43.380 -78.535
 43.254 -79.056
0 0
 42.080 -83.120
 42.017 -82.571
 42.336 -81.829
 42.615 -81.392
 42.661 -81.095
 42.560 -80.545
 42.716 -80.279
 42.842 -79.791
 42.965 -78.920
 42.867 -78.901
 42.270 -79.762
 41.980 -80.516
 41.846 -81.031
 41.569 -81.624
 41.436 -82.347
 41.487 -82.846
 41.694 -83.463
 42.080 -83.120
 42.080 -83.120
0 0
 48.010 -89.600
 48.405 -89.194
 48.563 -88.626
 48.806 -88.404
 48.937 -88.179
 48.735 -87.249
 48.711 -86.560
 48.577 -86.321
 48.010 -85.987
 47.860 -84.864
 47.576 -85.041
 47.282 -84.645
 46.902 -84.815
 46.777 -84.396
 46.440 -84.605
 46.480 -84.910
 46.760 -85.120
 46.673 -86.103
 46.450 -86.990
 46.831 -87.694
 46.959 -88.261
 47.486 -87.940
 47.155 -88.823
 46.831 -89.625
 46.576 -90.397
 46.920 -91.010
 46.712 -92.012
 46.858 -92.009
 47.280 -91.330
 47.680 -90.620
 48.010 -89.600
0 0
 0.128 33.850
 0.128 33.850
 -0.319 34.136
 -1.060 34.073
 -1.506 33.579
 -1.958 33.252
 -2.301 33.647
 -2.547 33.077
 -2.430 32.952
 -2.490 32.373
 -2.715 31.927
 -2.329 31.648
 -1.629 31.836
 -1.027 31.866
 -0.640 31.815
 -0.056 32.273
 0.087 32.906
 0.325 33.332
 0.128 33.850
0 0
 61.226 29.837
 61.226 29.837
 61.775 30.852
 61.118 32.527
 60.643 32.944
 60.482 32.816
 60.534 32.600
 60.209 32.584
 60.236 31.699
 59.920 31.510
 59.928 31.106
 60.146 31.109
 60.630 30.534
 60.843 30.502
 61.226 29.837
0 0
 46.749 78.991
 46.749 78.991
 46.645 79.245
 46.370 78.890
 46.297 78.445
 46.396 77.206
 46.507 75.611
 46.671 75.463
 46.471 75.406
 46.405 74.911
 46.108 74.771
 46.004 74.278
 44.989 74.100
 45.609 73.437
 45.806 73.440
 46.013 73.737
 46.183 73.679
 46.205 74.021
 46.428 74.094
 46.817 74.939
 46.780 76.203
 46.643 77.181
 46.648 77.860
 46.469 78.297
 46.658 78.397
 46.749 78.991
0 0
 -8.578 30.806
 -8.498 30.464
 -8.115 30.567
 -7.848 30.277
 -7.299 30.147
 -6.754 29.537
 -6.038 29.193
 -5.616 29.372
 -5.054 29.102
 -3.455 29.281
 -4.420 29.653
 -4.896 29.600
 -5.041 29.792
 -5.467 29.758
 -5.861 29.951
 -6.244 29.722
 -6.923 30.528
 -7.542 30.604
 -8.730 31.189
 -8.787 31.022
 -8.578 30.806
 -8.578 30.806
0 0
 -14.277 35.260
 -14.401 35.236
 -14.012 34.881
 -14.262 34.707
 -14.048 34.547
 -13.672 34.551
 -13.379 34.321
 -12.945 34.330
 -12.209 34.033
 -11.653 34.323
 -10.448 34.260
 -9.802 33.907
 -9.495 33.996
 -10.030 34.524
 -11.081 34.608
 -11.463 34.937
 -12.422 34.694
 -13.701 34.868
 -13.743 35.056
 -14.277 35.260
0 0
 44.265 60.053
 44.160 59.770
 44.369 59.063
 44.997 59.346
 45.190 59.359
 45.375 58.961
 45.102 58.921
 44.736 58.921
 44.212 58.497
 44.474 58.285
 44.893 58.285
 45.500 58.690
 45.887 58.780
 45.939 59.204
 45.705 59.535
 46.305 59.558
 46.253 59.770
 46.096 60.124
 45.887 60.124
 45.808 59.947
 45.520 59.841
 45.573 60.124
 44.784 60.240
 44.265 60.053
0 0
 59.205 13.979
 59.205 13.979
 59.086 13.984
 58.903 13.919
 58.609 13.283
 58.509 12.830
 58.506 12.460
 58.776 12.538
 58.880 12.522
 58.954 12.697
 58.994 13.027
 59.129 13.195
 59.336 13.591
 59.205 13.979
0 0
 26.789 -80.706
 26.823 -80.932
 27.069 -80.920
 27.035 -80.694
 26.789 -80.706
 26.789 -80.706
0 0
 11.148 -84.855
 11.176 -85.290
 11.510 -85.791
 11.900 -85.885
 11.940 -85.565
 11.522 -85.037
 11.148 -84.855
 11.148 -84.855
0 0
 11.851 37.144
 12.036 37.015
 12.234 37.244
 12.161 37.518
 11.825 37.482
 11.713 37.336
 11.851 37.144
 11.851 37.144
0 0
 -16.126 -69.407
 -15.929 -69.729
 -15.737 -69.984
 -15.670 -69.877
 -15.546 -69.868
 -15.354 -69.886
 -15.410 -69.597
 -15.886 -68.987
 -15.913 -68.960
 -16.356 -68.746
 -16.507 -68.905
 -16.536 -69.001
 -16.462 -69.091
 -16.401 -69.182
 -16.228 -69.251
 -16.126 -69.407
 -16.126 -69.407
0 0
 53.126 -99.404
 53.120 -99.548
 53.143 -99.805
 53.284 -100.431
 53.532 -100.607
 53.745 -100.335
 53.907 -100.427
 53.945 -100.404
 54.094 -100.326
 54.230 -100.236
 54.216 -99.995
 54.100 -100.048
 53.930 -100.184
 53.928 -99.871
 53.821 -99.911
 53.443 -100.056
 53.296 -99.666
 53.268 -99.393
 53.126 -99.404
 53.126 -99.404
0 0
 62.280 35.715
 61.716 36.054
 61.276 36.391
 61.015 36.109
 60.949 35.351
 61.116 34.867
 61.114 35.207
 61.086 35.578
 61.394 35.160
 61.552 34.857
 61.867 34.487
 62.219 34.265
 62.298 34.290
 62.230 34.666
 62.452 34.626
 62.297 34.836
 62.141 35.080
 62.193 35.217
 62.256 35.464
 62.488 35.140
 62.762 34.614
 62.748 34.995
 62.675 35.234
 62.280 35.715
0 0
 41.341 -112.184
 41.142 -112.139
 40.851 -112.172
 41.130 -112.679
 41.168 -112.705
 41.628 -112.878
 41.439 -112.590
 41.338 -112.405
 41.429 -112.219
 41.341 -112.184
0 0
 66.224 -117.759
 65.855 -117.974
 65.767 -118.107
 65.735 -119.720
 65.654 -119.746
 65.527 -119.665
 65.368 -119.702
 64.880 -121.355
 64.995 -121.336
 65.378 -120.945
 65.446 -121.057
 65.031 -122.565
 65.180 -123.233
 65.319 -123.180
 65.794 -122.326
 65.902 -122.356
 66.049 -124.954
 66.151 -124.898
 66.969 -119.487
 66.875 -119.357
 66.465 -120.177
 66.559 -117.605
 66.420 -117.613
 66.224 -117.759
 66.224 -117.759
0 0
 59.038 -109.653
 58.560 -111.086
 58.686 -111.199
 58.760 -111.160
 59.550 -109.097
 59.320 -106.545
 59.293 -106.547
 59.038 -109.653
 59.038 -109.653
0 0
 58.014 -101.895
 58.014 -101.895
 57.868 -101.544
 57.349 -101.971
 57.231 -101.934
 56.345 -103.204
 56.410 -103.283
 56.704 -103.149
 56.711 -103.078
 56.565 -103.014
 56.938 -102.577
 57.287 -102.813
 57.464 -102.814
 58.019 -102.129
 58.014 -101.895
0 0
 45.590 -80.411
 44.825 -79.763
 44.494 -80.085
 44.632 -80.898
 45.250 -81.402
 44.620 -81.276
 44.065 -81.753
 43.590 -81.700
 43.311 -81.783
 42.980 -82.430
 43.390 -82.480
 43.970 -82.660
 44.070 -83.030
 43.630 -83.650
 43.638 -83.849
 43.890 -83.900
 44.290 -83.350
 44.746 -83.259
 45.200 -83.340
 45.590 -84.080
 45.790 -84.930
 45.924 -84.754
 45.920 -84.720
 46.010 -83.839
 46.409 -84.337
 46.556 -84.149
 46.334 -83.953
 46.210 -83.203
 46.200 -82.442
 46.098 -81.631
 45.904 -80.737
 45.590 -80.411
0 0
 46.030 -85.540
 45.924 -84.754
 45.790 -84.930
 45.410 -85.070
 45.308 -85.290
 44.815 -85.467
 45.150 -85.560
 44.911 -85.960
 44.575 -86.209
 44.084 -86.470
 43.660 -86.520
 43.041 -86.188
 42.382 -86.216
 41.894 -86.622
 41.756 -86.824
 41.646 -87.094
 41.641 -87.434
 41.709 -87.526
 42.234 -87.796
 42.494 -87.803
 42.741 -87.777
 43.231 -87.902
 43.797 -87.712
 44.493 -87.486
 45.263 -86.967
 45.259 -87.118
 44.615 -87.853
 44.733 -87.988
 45.094 -87.596
 45.740 -87.000
 45.830 -86.320
 46.030 -85.540
